0 0.4859765625 0.3172786458333333 0.038544921875 0.13966145833333335
0 0.554833984375 0.3270182291666667 0.0337890625 0.129921875
0 0.623974609375 0.3222786458333333 0.06794921875 0.15696614583333332
0 0.6173046875 0.5092187499999999 0.0710546875 0.10464843750000001
0 0.766904296875 0.3154557291666667 0.0597265625 0.15305989583333332
0 0.50625 0.9506901041666667 0.060830078125 0.09861979166666666
0 0.66498046875 0.8028124999999999 0.053154296875 0.0805078125
0 0.64671875 0.6672526041666668 0.053154296875 0.10408854166666666
0 0.714296875 0.6682291666666668 0.042197265625 0.09630208333333333
0 0.778232421875 0.9194921875 0.053154296875 0.09467447916666666
0 0.781884765625 0.7913541666666667 0.053154296875 0.09170572916666668