0 0.5063932291666667 0.178154296875 0.11776041666666666 0.080302734375
0 0.1797526041666667 0.31994140625 0.22700520833333335 0.138857421875
0 0.1893880208333333 0.118291015625 0.14376302083333334 0.127451171875
0 0.7442838541666666 0.357919921875 0.09600260416666667 0.090869140625
0 0.8807942708333334 0.280556640625 0.11901041666666667 0.09552734375
0 0.06162760416666666 0.507158203125 0.12325520833333332 0.117646484375
0 0.18213541666666666 0.506689453125 0.10425781249999999 0.11107421875
0 0.2877604166666667 0.515966796875 0.09300781250000001 0.1165234375
0 0.45826822916666665 0.510810546875 0.07399739583333333 0.104326171875
0 0.38201822916666667 0.51306640625 0.08651041666666666 0.116328125
0 0.6417838541666666 0.512685546875 0.09100260416666667 0.108076171875
0 0.5473958333333333 0.512314453125 0.08975260416666668 0.10732421875
0 0.7385416666666668 0.51578125 0.07950520833333334 0.104892578125
0 0.8311588541666667 0.513623046875 0.09225260416666665 0.091201171875
0 0.9290494791666667 0.515029296875 0.0905078125 0.103388671875
0 0.0625 0.774931640625 0.1175 0.11505859375
0 0.04638020833333333 0.6409375 0.08776041666666667 0.118955078125
0 0.25276041666666665 0.63962890625 0.09300781250000001 0.120078125
0 0.4437760416666667 0.6446875 0.105 0.1039453125
0 0.5491536458333334 0.6428125 0.09825520833333333 0.1076953125
0 0.35139322916666665 0.64619140625 0.08776041666666667 0.114453125
0 0.73578125 0.63099609375 0.09901041666666667 0.095322265625
0 0.17713541666666666 0.760302734375 0.1142578125 0.093291015625
0 0.3838932291666666 0.76724609375 0.10276041666666667 0.118427734375
0 0.5925260416666667 0.754404296875 0.1075 0.102109375
0 0.7042838541666666 0.75224609375 0.10600260416666667 0.11091796875
0 0.8107942708333334 0.756279296875 0.09901041666666667 0.113359375
0 0.10213541666666666 0.901123046875 0.12425781250000001 0.118037109375
0 0.33514322916666667 0.8749609375 0.12026041666666666 0.13134765625
0 0.5456510416666667 0.864736328125 0.12125000000000001 0.1127734375
0 0.7512890625 0.857705078125 0.09000000000000001 0.0968359375
0 0.5281510416666667 0.286748046875 0.12625 0.044345703125
0 0.59765625 0.0737109375 0.11526041666666666 0.12080078125